14 32
minecraft:sand 0.010637913 -0.16098092 -0.030376451 0.28958124 -0.3528662 0.19827293 -0.58995956 -0.40633038 0.25444183 0.15521508 0.32029462 -0.08097935 0.365705 -0.45795015 0.1797085 -0.4167929 0.057370573 -0.26057556 0.32813847 0.3084898 -0.2860969 -0.4811526 0.43231472 -0.13581862 -0.27075523 0.3346876 0.1319079 0.38996005 0.4811704 0.3012586 -0.4611948 -0.0650998
minecraft:stone -0.368995 -0.42359677 0.19756643 0.34796137 -0.2956734 0.38883102 -0.2644704 -0.32840595 -0.37086296 -0.2157117 -0.22416253 0.26190963 0.33497384 -0.33272997 -0.28600812 -0.2179709 -0.20919912 0.3380505 0.30478364 -0.40158218 0.2300101 0.2585185 0.2460156 0.23539189 0.25923216 -0.33462912 -0.3465981 0.4161175 0.29185912 0.35625505 -0.2949363 0.35290456
minecraft:diorite -0.31177467 -0.061663345 0.59745646 0.71980095 -0.38641492 0.044311773 0.27694306 -0.5365222 0.026334206 -0.44526562 -0.35734266 0.6766613 0.7103553 -0.10083459 -0.23530883 -0.022845007 -0.13693002 0.44156623 0.47269088 -0.38724864 -0.39292407 -0.44479302 0.1650517 0.34141347 -0.5496752 -0.42851725 -0.6605985 -0.05940569 -0.33212802 -0.030109081 -0.06708438 0.6326305
minecraft:dirt 0.09774796 -0.6576664 -0.13771574 0.50765944 0.031629354 0.57602996 0.2616516 0.19094306 -0.391101 -0.21020325 -0.073101014 -0.14707242 0.44104648 -0.38415918 -0.73898685 0.3554041 0.059760913 0.71681345 0.015492391 -0.6921913 -0.08009852 0.5392895 0.43822563 0.8287121 0.2020393 -0.69263756 -0.5260119 -0.25017565 -0.5537975 0.6160327 -0.48972446 -0.197818
minecraft:sandstone 0.017709164 -0.19579946 -0.05599963 0.24035892 -0.34974653 0.19631396 -0.61051714 -0.3855905 0.27431342 0.1351435 0.35192284 -0.08971789 0.34677574 -0.4544727 0.1701233 -0.42840275 0.024176156 -0.2928672 0.36580867 0.29730463 -0.2636585 -0.46085256 0.42341477 -0.10520013 -0.26038727 0.3165127 0.10841245 0.36994994 0.48853713 0.279611 -0.4387694 -0.11352928
minecraft:water -0.25540197 0.29081726 -0.32999456 -0.13829853 0.09431987 -0.22956842 -0.51597553 0.19784652 0.36930808 -0.23323597 0.45468652 -0.30347356 -0.0541154 -0.4734564 -0.2488618 -0.7126003 0.44992706 0.15437092 -0.20759681 0.57890743 -0.44070873 -0.34561646 0.6932356 0.31797644 -0.4725358 0.49145353 -0.24547142 -0.18003581 0.695627 -0.2677212 -0.67475116 -0.41123706
minecraft:coal_ore -0.4019038 -0.344345 0.29989868 0.16303982 -0.32928458 0.3947046 -0.11089731 -0.3853091 -0.5147029 -0.31189102 -0.3310135 0.44889745 0.020469405 -0.12502567 -0.43007421 -0.5819586 -0.51111454 0.20339192 0.20318267 -0.54298043 0.31846938 0.31889838 0.23301703 0.0035655901 0.29047766 -0.19696 0.57063586 0.8379955 -0.09062117 0.24448909 -0.34857643 0.3043252
minecraft:iron_ore -0.36907032 -0.29202986 0.32889345 0.10776719 -0.46483055 0.19146204 -0.20519817 -0.16215006 -0.0984488 -0.47033918 -0.34520948 0.34120023 0.31969824 -0.14556818 0.20454761 -0.012096859 -0.32202205 0.10298014 0.85177517 -0.21280149 0.46650082 0.087723315 0.29020947 0.4777845 0.54787385 -0.30996272 -0.70412034 -0.22586714 -0.13194431 0.44347686 -0.017987268 0.31115595
minecraft:granite -0.6425092 -0.50869316 0.7416483 0.14137101 -0.010552652 0.39388868 -0.21771207 -1.06671 -0.42154795 0.3433878 0.22910704 0.8494981 -0.02604468 -0.5788345 -0.12088638 -0.1839929 -0.47047907 0.3021271 0.054597087 -0.31350946 0.030607449 -0.64640206 0.15111646 -0.52024734 -0.60951483 0.2684468 -0.47280708 0.7315605 -0.185644 0.5324603 0.019928975 0.649167
minecraft:seagrass -0.67482054 -0.17134696 -1.0874556 0.01809523 -0.43630293 -0.037745602 -0.6325774 -0.25587246 0.9637648 -0.9131875 0.1695309 -0.89489055 -0.8745543 -0.70512325 0.90852094 -0.39673427 1.2216965 0.27022478 0.23397128 0.86387765 -0.31945547 -0.35614154 0.9195418 -0.5851064 -0.773198 0.8237976 0.50187373 0.018364187 0.32938826 -0.28143153 -0.37796965 -0.15950872
minecraft:air 0.37140155 0.21550547 -0.09378486 -0.21457109 0.091986574 -0.23556106 -1.2009287 0.15363151 0.73845416 0.60224867 0.7126528 -0.108529344 0.54356736 -0.13864157 -0.018993799 -0.96477836 0.07550606 -0.52622014 -0.10753445 0.518897 -0.55034286 -0.93504506 0.5967053 0.2868897 -0.89892393 0.7082087 -0.19366291 -0.104668416 0.9406018 -0.21352741 -0.90133345 -0.63355464
minecraft:tall_seagrass -0.4163135 0.012579364 -0.93622833 -0.16278206 -0.12910186 -0.115013726 -0.6241571 -0.002411927 0.74929935 -0.34281266 -0.36678925 -0.6887824 -0.63406736 -0.8753068 0.353547 -0.3884454 1.2659503 0.42838162 -0.006341636 0.61209685 -0.041621473 -0.25388286 1.1407678 -0.33135143 -1.1094038 0.9455046 0.3184387 -0.11181913 0.15180825 -0.24957943 -0.16146913 -0.3349009
minecraft:andesite -0.0584485 -0.8586897 -0.42227948 0.21010241 -0.49384898 0.8774472 -0.5756028 -0.28913593 0.1405336 -0.51213664 0.13135049 -0.35930255 0.005904564 -0.0024284106 -0.47773716 0.09965389 -0.18528493 0.33089682 0.5295851 -0.30705455 0.7225945 0.4240533 0.047430556 0.5753522 0.6860613 0.07872455 0.34203687 0.55344546 -0.33022973 0.6873837 0.052917793 -0.4865649
minecraft:gravel -0.40899137 0.3013275 -0.48832566 0.5346805 -0.632992 -0.267789 -1.0936418 -0.66486293 -0.511022 0.34790716 -0.3938647 -0.45273998 0.35496143 -0.7613982 -0.43188393 -0.018806566 -0.5875332 0.25754666 0.29738936 -0.2321795 0.6524034 0.47203678 0.22527857 -0.46186614 0.54522794 -0.3649327 0.5611986 -0.11277951 0.8168382 -0.26338544 0.14977233 0.43593958
