28 32
minecraft:dirt -0.50805914 0.25286436 -0.2784408 0.44507068 0.31539166 -0.33112416 0.3254086 0.29811984 -0.016012901 -0.101599135 0.4722512 0.43432269 0.3943035 -0.33219644 -0.13248359 0.28375 0.27164388 -0.17945516 0.32984316 0.079703584 -0.41427934 -0.3174724 -0.41578996 -0.4839355 -0.4067949 -0.046356868 -0.07787111 0.30425116 0.4927323 -0.36993015 0.18455647 -0.45751032
minecraft:stone -0.33288112 -0.33794788 -0.25308445 0.50853735 0.25422633 -0.3984181 -0.26003316 -0.31689242 0.37101573 -0.4414348 0.40091544 0.41430032 -0.37582996 -0.4434282 -0.70162505 0.27826643 -0.17775868 0.3691644 -0.217685 -0.33107242 -0.5166964 -0.60282123 -0.3173263 -0.50926775 -0.5453696 -0.298802 0.34843022 0.4759284 0.41021568 -0.4758009 -0.34095818 -0.4369136
minecraft:grass_block -0.2872396 -0.081573896 -0.12318306 0.35000253 -0.09966308 -0.2636252 0.70210755 0.74160624 -0.27522868 0.21267821 0.34633532 0.41476157 0.50878006 -0.409313 0.32841772 -0.32438353 0.61714137 -0.1559787 0.6213266 0.49706596 -0.32763505 -0.51400316 -0.32961425 0.19117513 0.44079515 -0.18787958 -0.33988994 0.45524654 -0.151485 0.38875815 0.49916613 -0.35258734
minecraft:tall_grass -0.41875738 -0.18652612 -0.30447462 0.58736557 0.50789726 -0.86097145 0.5190387 0.35589623 0.07829837 0.4846276 0.3573847 0.30735278 0.37911126 -0.31868607 0.31010726 -0.6430589 0.6960482 -0.3737382 0.5179464 -0.08700111 0.6051436 -0.21243878 -0.7299643 0.48061636 0.46923503 -0.14192542 0.12843199 0.24438672 -0.59184897 0.5080407 0.71455383 -0.2434348
minecraft:air -0.34058067 -0.35939452 -0.39542165 0.3282303 0.41021273 -0.37861118 0.3424339 0.35394177 0.38313067 0.38996637 0.32983154 0.3141433 0.40183106 -0.35394907 0.38364258 -0.48883444 0.4112236 0.3797592 0.34755602 -0.43270445 0.67686915 -0.36852637 0.30854395 0.46788946 0.43305254 -0.360304 0.36851454 0.3622818 -0.434612 0.3744267 -0.2928979 -0.33314806
minecraft:grass -0.36750895 -0.24373063 -0.28584814 0.31406984 0.31805933 -0.44585165 0.4872986 0.49520364 0.071197525 0.4265713 0.2850438 0.26767582 0.47821334 -0.36422563 0.4105176 -0.27779856 0.5537198 -0.032638393 0.50731754 0.082061976 0.38167644 0.06266325 -0.40634298 0.094474606 0.42195994 -0.25368994 0.071727715 0.3884226 -0.33588275 0.48582727 0.5836555 -0.36485577
minecraft:andesite 0.22809525 -0.61408085 0.48023605 0.36314338 0.6430793 -0.02292569 0.6151489 0.774101 0.5366835 -0.6421603 0.15413545 0.2907486 0.29774857 -0.33629468 -0.6725554 0.19864695 -0.005356079 0.756487 -0.27301365 -0.70233643 -0.6534075 -0.3949748 -0.7544403 -0.48492524 -0.6285498 -0.3642378 0.6679871 0.2939888 0.59219736 0.05361824 0.6362373 -0.04588043
minecraft:water -0.930738 0.31407294 -0.050331626 1.0156376 -0.5383693 -0.09912063 -0.3612487 -0.47881773 -0.22825876 -1.3264328 0.5967822 0.5269341 -0.64415 -0.58522606 -0.36179984 0.9447477 -0.15012904 0.030840673 -0.0061020213 -0.2313904 -0.43666804 -0.59198827 -0.67038125 0.8170212 -0.53107095 -0.016514739 -0.33183601 0.68737924 -0.39610523 -0.7607791 0.024759332 -0.5185549
minecraft:cobblestone 0.042369004 -0.5901741 0.1760139 0.4328561 0.9935989 -0.38649982 -0.07847125 0.49581546 0.6397771 -0.3561561 0.70214033 0.42263472 -0.22219056 -0.32308087 0.0536965 0.68629795 0.076873325 0.96273595 -0.40391937 -0.62411183 -0.06324604 0.17479081 -0.21278608 -0.11479888 -0.18208352 -0.2831401 0.29024565 0.8393205 0.38925403 0.03168362 0.80783886 0.18308896
minecraft:oak_leaves -0.3608193 -0.091718376 -0.4971322 0.051972017 0.0048313825 0.31941968 0.772371 0.546841 0.13703145 0.3289612 0.48143396 0.25677186 0.5539321 -0.12780058 0.48580638 -0.44537935 0.21900897 0.57613504 1.0586997 -0.107276306 0.37304565 -0.090309426 0.598297 0.45300433 0.28883168 -0.29129732 0.29855236 -0.28163204 -0.2422821 0.15291658 -0.87633365 -0.65416384
minecraft:fern -0.50331575 -0.30319977 -0.2633574 0.39108112 0.28619632 -0.8958726 0.3046604 0.49465233 0.12664947 0.4294354 0.15686272 0.088008806 0.4825229 -0.4595676 0.5047591 -0.31394032 1.0004698 -0.09517642 0.5473802 0.20164706 0.34451392 0.23337683 -0.55216676 -0.31958055 0.87226933 -0.44895577 0.035264216 0.6946062 -0.4365368 0.46563864 0.8841784 -0.37454244
minecraft:oak_wood -0.5253626 0.12355211 -0.2049471 -0.039871044 -0.4205121 0.2944961 0.87109804 0.541111 -0.05591991 0.052823596 0.7392735 0.3996075 0.7078753 -0.27751377 0.26576853 -0.39156288 0.49249014 0.5614874 1.1190226 -0.07332309 -0.2997941 -0.56648135 0.32361808 0.39563045 0.23181614 -0.22461092 0.15731037 -0.25164828 -0.053374738 -0.2344674 -0.7662939 -0.8659681
minecraft:iron_ore -0.5011424 -0.3578616 -0.4157354 0.3429245 0.30837274 -0.4960597 -0.4563031 -0.9811422 0.20853224 0.3629748 0.43092793 0.32479015 0.056362204 -0.36269757 -1.165362 1.0168787 -0.18402083 0.8431983 -0.049572244 -0.32312566 -0.06341635 0.03905682 -0.9268672 -0.5803976 -0.83568484 -0.2465215 -0.38557306 0.4703176 0.91793823 -0.9227393 -0.9100057 -0.8499762
minecraft:cobblestone_slab -0.03873222 -0.48373073 0.17156161 0.30704996 1.0646933 -0.19683455 -0.23152325 0.4464865 0.56081086 -0.35428816 0.6543086 0.45487612 0.008243615 -0.3659073 -0.02847549 0.63910294 0.34428445 0.70919526 -0.5389008 -0.57209015 0.52334666 0.0006792314 0.30744293 0.22661793 -0.12977126 -0.31099707 0.39130816 0.58695716 0.31075454 0.3841661 0.34001476 -0.31208754
minecraft:birch_leaves -0.2162557 -0.19608623 -0.41529956 0.020757182 0.18835929 0.12810422 1.00176 0.6885611 -0.26479617 0.44503576 0.11085467 0.16148748 0.5340005 -0.08652229 0.7035021 -0.06397131 -0.26923293 0.35205925 1.2464224 0.3761116 0.46441114 0.22163883 0.38524848 -0.27106202 -0.2669268 -0.25027162 -0.045011126 0.15973046 -0.27269867 0.51391894 -0.6866579 -0.6472987
minecraft:mossy_cobblestone -0.014582022 -0.36922637 0.30738556 0.4600278 0.8094814 0.0063142134 0.09661343 0.49804565 0.5452402 -0.38690144 0.56337196 0.5562047 -0.002786088 -0.3141782 -0.15081681 0.69530445 0.322145 0.6841248 -0.043649916 -0.51314265 0.076745085 0.073713824 -0.032521844 0.09924493 -0.36349335 -0.28051916 0.39798456 0.4604662 0.5302291 0.122153796 0.7513681 -0.23863223
minecraft:large_fern -0.36571518 -0.2125544 -0.0915332 0.68381083 0.62864834 -1.0309376 0.48784453 0.29937872 -0.10233493 0.62285686 0.19127543 0.46568838 0.13265558 -0.3306776 0.17050374 -0.6363831 0.8132601 -0.49022192 0.4137351 -0.19413804 0.89850825 -0.12881002 -0.70095116 0.23082918 0.51304483 -0.0058910106 0.1493362 0.51806253 -0.56662375 0.56120557 0.58853906 -0.069254436
minecraft:coal_ore -0.29037097 -0.47594613 -0.24123988 0.06826333 0.15942976 -0.41749617 -0.2419151 0.26127556 0.27284592 -1.0305715 0.24042153 0.1423332 -0.5012594 -0.2724007 -0.7685839 0.016226431 -0.39290133 0.009956942 -0.36344752 -0.314429 -1.4521133 -0.7948623 -1.0185382 -0.85248655 -0.791375 -0.3527095 0.71024 0.17558695 0.55688834 -0.571242 -0.29153764 -0.18289983
minecraft:spruce_fence -0.6250134 0.03205337 -0.55446213 -0.03436368 -0.22214709 0.17657568 0.9908096 0.83229506 0.1611379 0.4663141 0.80609345 0.3327654 0.15663779 -0.23696154 0.5774943 -0.006519183 -0.7224906 0.35760462 0.7892165 0.2104846 1.2251084 0.29808867 0.63765764 0.30536363 0.3480471 -0.2938567 0.13809645 -0.3249334 -0.25798535 0.8656932 -0.6346923 -0.28822652
minecraft:oak_sapling 0.25023347 -0.7443443 -0.614051 0.021339081 0.40722334 0.44939077 0.36199355 0.459236 0.2295829 0.5951283 -0.24626537 0.19076481 0.13319637 0.113762796 0.50132835 -0.4433297 -0.3268116 0.68284386 0.69778454 -0.3281132 1.0985805 -0.3605531 1.0453111 0.2560157 -0.0019244516 -0.38928553 0.56212807 0.47204718 -0.826888 0.55758065 -1.0255985 -0.3912079
minecraft:farmland -0.58579695 0.12599997 -0.013156449 0.2070015 0.03809771 -0.24524121 0.439861 0.5863375 -0.76447475 0.25599352 0.11716176 0.6164456 0.8375415 -0.92067474 0.35050103 -0.63484675 0.9215525 0.18408778 0.26660174 0.67829347 -0.33979955 -0.24713105 0.37381846 0.46758515 -0.6741404 0.4398898 -0.33422875 0.99788254 0.21827348 0.6159679 0.5652991 -0.17750277
minecraft:wheat -0.59414726 -0.25777104 -0.095862634 0.37303534 0.6530111 0.30563864 0.8270668 0.6135148 0.15493949 0.39442942 0.11535897 0.32245314 0.8347234 -0.17592196 0.47365344 0.22288509 0.69718474 -0.53513646 0.00039403944 0.09535652 -0.26762426 -0.26554343 0.8401606 0.28480163 0.08033737 -0.7183003 -0.8554626 1.2112063 0.088869244 0.48599538 0.66256046 -0.36789948
minecraft:vine -0.27858648 -0.59721816 -0.4092711 0.28282258 0.9923448 -0.0024285088 0.06417762 0.5065217 0.797322 -0.16947022 0.1738484 0.64893556 -0.10131624 -0.43625304 0.0076331478 0.60881597 0.17725141 0.7946609 -0.5529397 -0.89796704 0.42797956 -0.12888004 0.42372844 0.3883407 -0.030606663 -0.5752493 0.48540294 0.012041211 1.0194308 0.5284684 0.40956178 0.08968661
minecraft:sunflower -0.04070656 -0.13945003 0.017947996 0.3970169 0.20820686 -0.3760351 -0.34355885 0.50559324 0.018609773 0.4608695 -0.005682421 0.68255466 0.7280285 -0.23285003 0.73326355 0.16876674 1.0039052 0.29988155 0.09366086 -0.0017716816 0.5729205 -0.10941715 0.30244744 -0.330008 0.47390607 -0.198148 -0.066805765 0.48397455 -0.09893594 0.573754 0.33883208 -0.7800579
minecraft:granite -0.660511 0.43100524 0.3880178 0.75951284 -0.4800838 -0.7468586 -0.44782048 -0.4778457 0.54289246 0.24439967 0.5892211 0.2302412 0.1772487 -0.11676556 0.22601335 -0.43252993 -0.4159639 -0.42020592 -0.29843825 0.38387832 -0.83189225 -0.7628523 0.035723552 -0.74553627 -0.80532974 0.3473357 0.547664 0.73602843 1.0796397 -0.91613495 -0.20324488 -0.6035679
minecraft:diorite -0.30772436 0.721086 -0.74696827 0.93996525 0.27028185 -0.34299853 -0.23379527 0.8720447 0.19900806 -1.3449404 0.36511144 0.82458895 -0.526952 -0.7308726 -0.9809383 0.80787486 -0.055594303 -0.7777543 -0.16489959 0.26576352 0.3769064 -0.17368619 0.5923066 -1.2195764 -0.98268485 -0.43123174 -0.030770686 0.9289834 0.9548813 -1.0195408 -0.66421586 -0.4129869
minecraft:coarse_dirt -0.16491951 -0.18662632 0.1668687 -0.024162287 -0.124220066 -0.6171981 0.42872298 0.18459874 -0.2929511 0.14927731 0.25461116 1.0753812 0.57017 -1.0434036 -0.27328855 0.76514256 0.42357236 -0.41685998 0.28766865 -0.7205235 -0.25961772 -0.6484034 0.5699783 -0.31442836 -0.119215615 0.29530036 -0.22335073 0.39447278 0.10427486 -0.07753382 0.53117025 -0.4709168
minecraft:gravel -0.5267828 -0.08593424 -0.13493828 -0.06590748 -0.07208768 -0.8553426 0.36944044 0.15688631 -0.16100836 0.18201849 0.33005735 1.1323913 0.4813224 -1.0441065 -0.42369866 0.9196831 0.375524 -0.45147368 0.045005094 -0.43648472 -0.12569235 -0.5588236 0.49092767 -0.28098413 -0.14256349 0.328506 -0.25010264 0.030673811 -0.056458622 -0.08721672 0.48651513 -0.6256547
