49 32
minecraft:stone -0.48947743 -0.4064969 -0.3479161 0.005549428 -0.08066299 0.4283712 -0.2989076 -0.5200583 0.35113463 -0.29519975 0.42654288 0.4198432 0.48383307 0.34786004 0.81167674 0.5016605 -0.61589104 -0.12295402 -0.47975555 -0.37116835 -0.7320433 -0.5209627 0.437774 -0.44118676 -0.47054845 -0.16706775 0.3495464 0.5992115 -0.410819 -0.31704485 -0.6697763 0.42231908
minecraft:granite -0.6319112 -0.48526713 -0.5097012 0.30394524 0.64578617 0.08474212 -0.27706355 -0.6415295 0.45663777 -0.45411232 0.5998455 0.008249447 0.32207108 0.35859615 0.8609954 0.577179 -0.87550354 -0.33424193 -0.6275623 -0.34075987 -0.7346038 -0.59609807 0.5300932 0.332099 -0.57019097 -0.23906395 -0.5228733 0.7043244 -0.5179454 -0.38229173 -0.8031762 -0.067824766
minecraft:gravel -0.41320258 -0.29377598 -0.64185864 0.7374935 0.55282867 0.60240036 -0.42932868 -0.79367673 0.6534931 -0.71452653 0.5911153 1.0358064 -0.14232768 0.21520416 0.8551513 0.83580244 -0.68142056 -0.5808594 -0.89397264 -1.0443594 -0.77842146 -0.38176915 -0.0600364 -0.20541081 0.017123185 0.7733981 0.33197886 -0.44396052 -0.6333863 -0.55241627 -0.64242357 0.016363695
minecraft:dirt -0.34058106 -0.5036509 -0.5655345 -0.41850492 0.0006770842 0.24759568 0.30525783 -0.124555685 0.28144994 0.32369828 0.56552553 0.33607915 0.324001 -0.2363733 0.40934423 0.54057497 -0.3408099 0.24149379 0.14352788 -0.14417772 -0.070164025 -0.47409484 0.5683531 -0.39025867 -0.41762215 -0.005546427 -0.38060337 -0.40684262 -0.47026023 -0.29567346 -0.08168292 0.34153897
minecraft:sand -0.25413752 -0.46730292 0.059648585 0.60748917 -0.84729975 -0.17333308 -0.14558674 -0.5438076 -0.5790326 0.41166377 0.90629137 0.6301419 0.7212099 -0.18221453 0.28275245 0.5691768 -0.80720145 0.05283876 0.44801506 -0.97597694 -0.93529034 -0.10196707 0.11445817 -1.0924613 -0.76581514 -0.82740223 -0.9223882 -0.36022493 -0.3755985 0.034780607 -0.72735804 0.7569238
minecraft:water -0.26431933 -0.5249294 0.3563161 0.1343154 -0.06910288 0.2488818 0.08659612 0.24822171 -0.48179513 0.6905045 0.22940625 0.69147307 0.4454018 -0.078926586 0.34781027 0.38154617 -0.43408015 0.395751 0.52214235 -0.3296517 -0.4513803 0.23091118 -0.5752417 -0.5868543 -0.6088438 0.0060218824 -0.04958961 -0.6214939 -0.5580379 0.6138685 -0.0441741 0.44094965
minecraft:grass_block -0.21964683 -0.5259589 0.3997148 -0.52822757 0.46596727 -0.27965495 0.548951 -0.50610715 -0.40267837 0.4874218 0.41287583 0.545136 0.6430486 -0.5028046 0.4408951 0.44881332 0.5149235 0.5787578 0.38316694 0.41555193 0.29612264 -0.6091938 0.42474398 0.36855668 -0.47855282 0.576166 -0.42633113 -0.6981319 -0.56355464 -0.36611667 0.38047254 0.7752454
minecraft:grass 0.1422425 -0.2607624 0.41902304 -0.46900573 0.74330413 0.107478954 0.6391054 -0.47213954 -0.11328602 0.6001541 -0.1219606 0.577467 0.28276986 -0.5632279 -0.1026747 0.21498975 0.30614883 0.22897498 0.41441286 0.53436494 0.12079512 0.050682735 0.60958123 -0.05493511 -0.454485 0.8261478 -0.74915534 -0.33007503 -0.38739827 0.26613462 0.37642765 0.53526556
minecraft:air -0.3675122 -0.4476614 -0.30506918 -0.3797527 0.3785983 0.26943752 0.40883374 -0.39931503 -0.31471357 0.3670231 -0.33204138 0.3068122 0.5740345 -0.46937147 -0.37271023 -0.42172763 0.3796241 0.4754841 0.35556138 0.3634003 0.3553297 -0.30108905 -0.3785354 -0.4049185 -0.34529346 0.38745454 -0.42574337 -0.46838707 -0.5328988 0.30776125 0.3906388 0.36701554
minecraft:grass_path 0.36685392 -0.33760095 -0.2622928 -0.84377646 0.83292747 -0.3122434 0.7959978 -0.4255664 -0.57548666 0.8100879 -0.18694054 0.6852904 0.29589894 -0.64254904 -0.6364797 0.35593224 0.68565434 0.6298659 0.17402175 -0.34087735 0.58490264 -0.6435149 0.42945495 0.6065508 -0.4985287 0.6878125 -0.83121806 -0.1539054 -0.21198955 -0.08098181 -0.663142 0.43233007
minecraft:cobblestone_stairs -0.21651879 0.077623345 -0.58000064 -0.6769739 1.087367 0.16462156 0.88772625 0.002568659 -0.41755426 0.28621083 -0.6950204 0.7391012 -0.16567896 -0.5459531 -1.0191449 -0.23758614 0.842698 -0.1741091 0.9284622 0.37432677 1.1678023 -0.28203553 0.33012912 0.14207716 -0.254427 0.7859625 0.4690294 -0.28858402 -0.01048489 0.69867575 -0.47482115 0.20955388
minecraft:cobblestone -0.49429166 0.056059126 -0.21002817 0.03959821 0.3609741 0.13204584 1.0077727 -0.021203568 -0.60866773 0.46807137 -0.30066732 0.5833524 -0.014905953 -0.40548095 -0.5313485 0.06678725 0.31283483 0.71096027 0.49895012 0.14641438 0.19805105 -0.045135647 -0.17348905 -0.11875894 -0.016808018 0.24353471 -0.30499104 0.2752165 0.58110315 0.72982246 -0.33308318 0.69063824
minecraft:oak_door -0.3054605 -0.02338828 -0.46808738 -0.7922006 1.0955167 0.39939427 0.3761471 0.045295767 -0.6798133 0.28399152 -1.4418751 0.7683357 -0.4866297 -0.16409999 -1.111046 -0.9235497 0.45864472 -0.071572095 0.99994236 0.68427414 0.65599483 -0.1605544 0.13524362 -0.25959167 -0.25902542 0.29710338 0.043142002 0.25963515 -0.022204636 1.5113537 0.4444266 0.10768187
minecraft:white_bed -0.4528569 0.26373726 -0.025563337 0.40415666 0.72642165 1.0327654 1.1222521 -0.29884753 0.04099473 0.8269641 -0.116982274 0.9226054 -0.80630016 -0.69066477 -0.3558549 -0.4702841 0.6398948 -0.38597083 0.7548728 0.90118253 0.75030434 0.22621137 -1.112661 -0.5321407 -0.74539137 0.72834307 0.2912749 0.17663851 0.5348631 0.8534976 0.039614666 0.6951324
minecraft:oak_planks -0.35486662 0.31468654 -0.51372993 -0.29605716 0.72235924 0.4870315 0.90617 -0.21030469 -0.83524805 0.41985583 -0.5342755 0.2954789 -0.42987266 -0.6285004 -0.18248825 -0.7051033 0.96176255 0.21536498 0.7124903 0.43354186 0.7348222 -0.12629145 -0.439 -0.28099304 0.17433414 0.5729823 -0.49911514 -0.11650624 0.6532574 0.5916592 0.79212373 0.17833872
minecraft:glass_pane -0.071626276 0.010568355 -0.57844687 -0.03144355 0.6860513 0.45841044 0.54513025 0.23069349 -0.5255735 0.40905935 -1.0044185 0.7476999 -0.55521095 0.009127662 -0.5387086 -0.5712304 0.7442229 0.16224234 1.0236928 0.30547193 1.0303097 -0.45485356 -1.0965574 -0.57304275 -0.5865484 0.4152245 -0.333276 0.010178437 0.13289502 0.33201912 0.5542577 -0.18882781
minecraft:wall_torch -0.13053147 -0.22786978 -0.21812804 -0.8143557 0.63817334 0.9446148 0.46022666 0.053845756 -0.5345408 0.8031057 -0.7669273 0.73950845 -0.26489836 -0.5389496 -0.7646522 -1.00938 0.6248467 -0.0760974 0.15157247 0.96104515 0.36401173 -0.3223766 -1.0926636 -0.12090184 -0.09755359 0.0062543126 0.3691135 0.08586341 0.23007679 1.3150561 -0.07460217 0.5059019
minecraft:oak_log 0.14884917 -0.1376412 -0.30265132 -0.403225 0.12574995 0.20151465 0.3699754 0.23388384 -0.27525046 0.13735148 -0.7610778 0.20228356 0.0923198 -0.14806585 -0.5278042 -0.12496284 0.12327603 0.051883552 0.5985225 0.36022353 0.5308596 0.014400532 0.005885894 -0.27699044 -0.15891686 0.91065913 -0.8528869 -0.51577413 -0.27855462 0.638361 0.7472899 -0.08069414
minecraft:andesite -0.4210635 -0.5927152 -0.3906656 -0.4881258 -0.37571302 0.54561013 -0.34275332 -0.76371795 -0.14037944 -0.49852827 0.662463 0.23482262 -0.11058981 0.2044444 0.89773834 0.7372943 -0.88346136 0.51002026 -0.835348 0.3874855 0.31985974 -0.62629306 0.95888215 -0.19260831 -0.6369157 -0.33165503 0.21705778 0.70386 -0.67478824 -0.05810989 -0.6537409 0.40262234
minecraft:diorite -0.49771726 -0.57064086 -0.48018286 -0.4759266 0.4037785 0.48977748 -0.09185336 -0.69199777 0.51872987 -0.34689537 -0.3294139 0.04455912 0.63855344 0.33386236 0.72014123 0.6741409 -0.66099805 0.41929433 -0.5901267 -0.7450043 -0.8393566 -0.6296809 0.78161067 -0.5103276 -0.16523694 -0.39086586 0.34328827 0.6396741 0.137839 -0.68265396 0.24403313 0.65118563
minecraft:tall_grass -0.94430965 -0.6126909 -0.0194202 -0.52743524 -0.003316348 0.11206621 0.3890286 -0.53913575 -0.36688358 0.23656428 -0.04922528 0.033494297 0.29124722 -0.40044838 0.09842015 -0.029465843 0.30313072 -0.09711844 0.09091175 0.15882233 0.1719859 -0.7879201 0.053679265 -0.052356698 -0.44594318 0.20059234 -0.3631296 0.04865927 0.085174024 -0.06737527 0.11801227 0.74494857
minecraft:oxeye_daisy 0.13639933 -0.010233087 -0.21689829 -0.3341025 0.8084058 0.23167537 0.8838479 -0.51842207 -0.31301504 0.5061082 0.06623684 0.52960575 0.23308074 -0.5821301 -0.2922083 0.344707 0.31222734 0.3934537 0.23287798 0.37652674 0.34389946 -0.22753398 0.578228 0.2041733 -0.17363697 0.9008557 -0.63817954 -0.2875799 -0.22791271 -0.016448332 0.15017307 0.3065349
minecraft:oak_trapdoor -0.08931459 -0.044549547 -0.41455612 -0.77674425 0.43485677 -0.36350065 0.13869534 -0.048734035 -0.14547326 0.090387516 -0.20739642 0.5455496 0.023731938 -0.44091904 -0.33681235 -1.0186524 1.0658904 -0.18877842 0.7642837 0.6487993 0.2040963 -0.50533485 0.36431924 0.24897811 -0.28858322 0.6759409 -0.40026215 -0.75778294 -0.52058065 -0.104499236 0.29765525 0.055616267
minecraft:poppy 0.16953908 -0.45580062 0.6436808 -0.5648438 0.41894594 -0.192045 0.2321295 -0.4791415 -0.31561872 0.60961235 -0.34791565 0.44903535 0.2573494 -0.36111632 0.32784998 -0.28387767 0.25616908 0.047739804 0.089032374 0.5069119 -0.26808143 -0.050728537 0.21603408 0.049431004 -0.5363769 0.66027725 -0.419222 -0.057150215 -0.29720455 0.4933063 0.216062 0.5291404
minecraft:torch -0.43105048 0.4166386 -0.67054296 -0.014632461 0.44929987 0.56112295 0.33335423 0.16946517 0.06507265 0.16765542 -0.18911436 0.4697642 -0.03091404 -0.58174306 -0.92536414 0.07437856 -0.27125368 0.33208227 1.3376281 0.05540273 0.7330266 0.11612102 0.3316594 -0.19953093 -0.05453311 0.68518376 0.0426014 -0.6702645 -0.2603345 0.65178335 -0.3241594 0.56701416
minecraft:oak_stairs -0.13406071 0.19929296 -0.77098364 0.023111802 0.2980623 1.0225065 0.89183635 -0.40859354 -0.64876145 0.6331443 -0.5804789 0.32182863 0.05695688 -0.7365737 -0.80439657 -0.6839273 0.3475974 0.46584496 0.5097291 0.66103125 0.46048513 -0.054149725 -0.79235274 -0.4583788 0.24711205 0.7965481 -0.8805257 -0.5222663 0.52217656 0.85164344 0.3384566 0.27832496
minecraft:coal_ore -0.19150661 -0.29023162 -0.27506277 0.26108673 -0.22927998 0.69426954 -0.4255106 -0.51580584 0.39007938 -0.42827627 -0.05504016 0.6504494 0.23459923 -0.07716342 0.9599842 0.7858115 -0.8863532 0.7883619 -0.43979365 -0.3913442 -0.64895946 -0.3040564 0.534047 0.08248718 -0.27550462 0.14855899 0.52202946 0.46308038 -0.3518102 -0.13364822 0.08525037 0.3810877
minecraft:tall_seagrass -0.8398218 -0.2479331 0.25278434 0.075315945 0.09062168 -0.10262517 0.2180765 -0.19777498 -0.68820095 0.73259383 0.43106017 0.6225427 0.44043773 -0.40282658 0.74758357 0.18178755 -0.8066224 0.55033374 0.49261358 -0.70546746 -0.761577 -0.01064869 -0.8182417 -0.29777396 -0.20384705 0.1319355 -0.0052164933 -0.7369262 -0.34272376 0.5017918 -0.69199485 0.24939083
minecraft:seagrass -0.5648527 -0.25889814 0.43158284 0.25199577 0.013021474 -0.27709714 0.18478355 -0.3900496 -0.6542374 0.47925425 0.5887219 0.716632 0.4109801 -0.30745602 0.59941113 0.37817705 -0.8044441 0.41473138 0.49003202 -0.68818045 -0.8752758 0.13315617 -0.40146923 -0.40616158 -0.32898203 0.028101467 -0.1654192 -0.66028655 -0.38517162 0.49859232 -0.71758336 0.33370814
minecraft:clay -0.7201516 -0.5646867 0.4949356 0.53738207 -0.91234726 -0.5904071 -0.46322125 0.28746432 0.057968616 0.9523606 1.0885948 0.48852038 1.2217499 0.55924577 0.64705837 0.3375855 -0.6137822 0.6051337 -0.1272098 -0.87696606 -0.6246939 -0.53505516 0.2883631 -0.28380963 -0.72857183 0.28727198 0.69181263 -0.48512772 -0.75234836 -0.22825366 -0.95569324 1.0178937
minecraft:iron_ore -0.25200033 -0.41258156 -0.45880967 -0.054207277 -0.27848318 0.1723449 0.37728697 -0.55332017 0.7706102 -0.28247693 0.29906955 -0.080006845 0.64251244 0.14886157 0.48748526 0.2587768 -0.5714099 -0.55832857 -0.4904178 -0.6027072 -1.2563221 -0.37063855 1.2471945 -0.35267678 -0.6635212 -0.5176305 0.123846956 0.9835726 -0.24813129 -0.73672354 -0.90139866 0.40986827
minecraft:cornflower 0.41605607 -0.48940507 0.021779211 -0.8687629 0.06810561 -0.0046267062 0.20414959 -0.6255243 -0.34184256 0.45874172 -0.6136421 0.04764181 0.6298457 -0.23299715 -0.3912191 0.02619693 0.06962949 0.0015994076 0.21990697 -0.08557455 0.40230986 -0.49125546 0.47726038 0.6512408 -0.54233074 1.4010519 -0.9516857 -0.46476984 -0.85110337 0.14906995 -0.12561646 0.61387014
minecraft:stripped_oak_log -0.73032475 -0.20265128 -0.38057497 -0.4954543 0.54723775 0.74119216 0.76417285 0.18225671 -0.17914544 0.5833573 -0.105350584 0.57087964 -0.43467945 -1.0027452 0.075755894 -0.8324631 1.0973504 0.33607748 0.5666332 1.0228323 0.0593223 -0.13892697 -0.5829616 -1.2005229 0.07877796 -0.07815014 -0.96044475 0.2753147 0.5499567 0.38988787 0.74319476 0.0907796
minecraft:chest 0.13438652 0.27458298 -0.43371904 0.042342003 0.39600408 0.7112797 0.54435974 -0.3874951 -0.45265213 0.6010957 -0.56610066 0.66861117 -0.7419196 -0.3613721 -0.67680246 0.072307944 0.18429448 -0.6987819 0.5637482 0.5061126 0.59329116 0.4057483 -0.7179165 -0.3030037 -1.0512819 0.73791224 -0.15868035 -0.63738763 0.62055266 0.73268896 -0.2650256 0.9167571
minecraft:hay_block -0.41019145 -0.24637271 -0.5607307 -0.95738053 0.7674769 -0.16890179 0.1645262 -0.18192394 0.052990876 0.3636829 -0.26153567 -0.064945504 0.64871734 -0.8233962 -0.8401395 -0.21488315 1.2262946 0.4588863 0.21541698 -0.19876158 1.3022528 -0.5414236 0.091559865 0.037036583 -0.383537 0.3053019 -0.49121034 -1.2808156 -0.9594407 -0.42507708 -0.010086464 0.13360862
minecraft:yellow_bed 0.028068883 0.22371525 -0.45203263 -0.29880425 0.67805517 0.4482851 0.31938654 -0.18472321 -0.4738447 0.43266115 -0.9105293 0.7505513 -0.7154407 -0.032449264 -0.7665342 -0.993534 -0.33090943 -0.41130725 0.5676126 0.35708573 0.662352 0.18358698 -0.6732519 -0.21533698 -0.4547314 0.70649546 -0.018339837 -0.3529231 0.53883183 0.91494757 0.19905809 0.7773637
minecraft:farmland -0.41042778 -0.93401456 0.4683798 -0.9904435 -0.7118714 -0.31170827 -0.012133018 0.15577446 -1.2995404 0.15266255 -0.30319262 -0.40703112 0.722614 0.40502456 0.2533913 0.09214756 0.49578246 -0.2205049 1.2470478 0.2718662 0.5213064 -0.18879509 -0.2787331 0.19089775 -0.6576203 0.6987815 -0.3647734 -0.78769994 -0.72866684 0.84365463 0.61548656 1.2350976
minecraft:composter 0.39920396 -0.9761278 -0.09723911 -0.51927686 -0.57524234 0.17728353 0.44386286 -0.5508347 -0.7604116 0.006092701 -0.7025424 -0.0615288 0.8370592 0.43404368 -0.35022405 -0.3016277 -0.57240045 -0.29486924 0.31839326 0.1924835 0.2667947 -0.7909755 -0.74262214 0.7131542 -0.8806179 0.8017388 -0.49059367 -0.36296257 -0.7936912 0.83973235 0.111689396 0.81111324
minecraft:wheat -0.049819592 -0.8818877 0.4465002 -0.19249411 -0.5242192 0.22727562 -0.11938036 -0.30581594 -0.9970811 0.3545419 -0.71813005 -0.092623465 0.7902889 0.64820206 -0.45118317 0.10856175 -0.32763553 -0.012774618 0.7617594 0.24342877 0.3470486 -0.31675047 -1.087338 0.2208014 -0.9167876 0.69496554 -0.53308964 -0.7160617 -0.9131575 1.1810925 0.25064018 1.2561488
minecraft:bell -0.47121224 -0.36903903 -0.24487747 0.08327141 0.5191428 0.6579135 0.3063628 0.56637096 -0.5765477 0.6864704 -0.09918219 0.7774135 0.1449552 -0.18450378 -0.5432588 0.38175318 -0.01578614 0.61249745 0.7258143 -0.06108592 -0.1136234 0.16334052 -0.769995 -0.757184 -0.61018443 -0.21116248 -0.0023598114 -0.61781454 -0.3474303 0.73222667 0.25449333 0.46951213
minecraft:oak_fence -0.21082218 -0.34292635 -0.588336 -0.8111603 1.0952413 0.37140438 -0.09527633 0.19719578 0.06263226 0.3716802 -0.24037327 0.94823956 0.08464172 -0.4431463 -1.2667125 -0.3780769 0.86241907 0.4863874 0.6388757 0.035309043 0.85926855 -0.5607984 -0.3023834 -0.5736983 -0.4736222 -0.60166687 0.06551666 -0.08475644 -0.45428792 0.18613304 -0.028228186 -0.027531493
minecraft:stripped_oak_wood -0.7558217 -0.7284191 -0.08866426 -0.6221806 0.6511755 0.3619191 -0.36793244 -0.29367554 0.2160529 -0.2749717 -0.8231429 0.5141813 0.4734263 -0.39518437 -0.8861133 -0.83631486 0.76702946 0.5751994 0.5482206 0.61320037 0.6388384 -0.49255872 -0.7074882 -0.7307509 -0.3041615 -0.5252152 0.057495713 0.5970632 -0.65536004 0.7024833 0.27030528 0.090220794
minecraft:smooth_stone_slab -0.063076764 -0.13883662 -0.5858034 -0.11573119 0.9120037 1.007859 0.52629375 0.40005326 -0.3614488 0.7887748 0.14198342 0.9468054 0.008335849 0.226516 -1.0400758 -1.5055485 -0.14843994 1.0962721 -0.014601982 -0.24883065 0.44240412 -0.66396815 -1.636065 -1.1389915 -0.64898807 -0.4487583 -1.0836934 -0.53514105 0.349918 0.44423547 -0.052938435 -0.22587341
minecraft:grindstone 0.04477742 -0.5339587 -0.3808891 -0.80312806 0.83696586 0.62505525 -0.00043178408 0.49743932 -0.3619065 0.69984925 -0.021978779 0.74468505 -0.3830664 -0.5885353 -0.7686146 -0.43977958 0.68584466 0.6831766 0.6099574 -0.12398395 0.74467146 -0.5602224 -0.77177095 -0.67138803 -0.8133185 -0.4786825 0.23500177 0.0296761 -0.04234719 0.46806154 -0.37771097 -0.1373434
minecraft:furnace 0.020246655 0.004158097 0.009328422 -0.014354704 0.004804385 0.022860771 0.028917968 0.0037911304 -0.028732425 -0.004194539 -0.012812222 0.012382898 0.014451486 -0.02081784 -0.021337638 -0.010981096 -0.012062538 0.013774434 -0.023375364 -0.015405569 -0.0043773577 0.022265924 0.008156424 -0.021469895 -0.02563838 -0.004831357 -0.022607518 0.007879794 0.02535115 0.0069488026 0.028005922 -0.028471226
minecraft:iron_bars 0.014162183 -0.0097139245 0.015068781 0.004972308 -0.014726658 -0.016250089 0.02583707 0.0053361743 -0.025633678 -0.02904647 -0.008540115 -0.0002059102 -0.017247017 0.027882347 0.014249034 -0.013454119 -0.013654472 0.0188066 0.0067993673 -0.019858656 -0.0029399383 0.010079581 -0.016586814 0.015888462 -0.00032833798 -0.017937787 -0.024708757 0.015996058 0.0068470733 0.018458698 -0.02178219 0.014146963
minecraft:oak_pressure_plate -0.009086652 0.01889228 -0.013224105 0.020099431 0.014732079 -0.012527114 0.020693164 0.010659886 -0.026366659 -0.027289573 0.026910597 0.010728711 -0.023874564 -0.00091468106 0.00046845662 0.028281396 0.0032737239 -0.012828977 0.023439141 -0.0069347853 -0.023905998 0.0033451614 -0.015280035 0.01731601 -0.010903453 0.023780188 0.018549029 -0.024333848 0.020781215 -0.022637328 0.007103606 0.02386235
minecraft:lava 0.025684232 0.0003792946 -0.018220648 -0.02675258 0.009466478 -0.012755325 -0.02588055 0.008975461 -0.0016570357 -0.026097625 -0.024390893 0.027340136 0.020308627 0.010455522 -0.0098510645 0.021591596 -0.0141133 -0.022560641 0.02543394 -0.0014821164 0.007306588 0.026083212 -0.018826129 0.0072627296 0.0070457137 -0.011158604 0.019342713 0.0045629875 -0.00034200875 -0.021759162 0.0073044584 0.029172244
minecraft:cobblestone_wall -0.022190658 0.0035475001 -0.024130609 0.01655051 -0.003527661 -0.022285694 -0.027643071 -0.012138726 0.014161481 -3.7309444e-05 -0.026460031 -0.003827568 0.027312284 0.007294823 -0.010001346 -0.0026658273 0.0041899607 -0.011079844 -0.025917238 -0.013136289 -0.01571506 -0.013161578 -0.019960875 0.024799736 -0.0023462896 0.009795722 0.020233067 0.018985284 -0.016473828 0.0035043715 0.018528385 0.019124355
