24 32
minecraft:dirt 0.2168653 -0.43250427 -0.19921467 0.37685966 -0.23357834 0.28278685 0.31270564 0.33065227 0.54911476 0.41750047 -0.274521 0.3518899 -0.74761134 -0.60912 0.56166947 0.31515408 -0.4156037 -0.12118926 0.2939627 -0.43083918 -0.55036414 -0.5203386 0.30089632 0.5284981 -0.4154792 0.38928863 -0.18646592 -0.2323011 -0.3660286 0.35525954 -0.3196384 -0.67279655
minecraft:grass_block 0.3985864 0.33918703 -0.4695669 0.31514418 -0.39533666 0.3148771 0.37371838 0.059727285 0.24136676 0.4589245 -0.40457213 0.39149815 -0.530071 0.27669913 -0.015252506 0.3013221 0.068245605 -0.22708872 -0.18564449 -0.36488158 -0.35564208 -0.052681096 0.4186541 0.38138276 -0.29079783 0.40732366 -0.50096923 -0.55657196 -0.25240517 0.28421223 -0.47217938 -0.34476507
minecraft:air 0.3495824 0.34126452 -0.30230716 0.26862437 -0.33565438 -0.50068027 0.36202046 -0.41544566 -0.4307648 0.28163964 -0.32354972 0.29687327 0.49067542 0.4651938 -0.42705944 0.31063563 0.3980251 0.38316518 -0.32967362 -0.3157089 -0.2599347 0.41932568 0.2850575 0.26746848 -0.37893155 0.28387296 0.412791 -0.26461038 -0.2875166 0.37648514 -0.2822285 -0.271365
minecraft:grass 0.42943785 0.435257 -0.16365936 0.31992838 -0.33977476 0.031192668 0.58913386 -0.3705093 0.065452404 0.43623164 -0.53536505 0.21495731 -0.1964376 0.052062806 -0.03794783 0.2929418 0.4207595 0.37148878 -0.39939624 -0.3498581 -0.26134083 0.47708687 0.3361941 0.2801572 -0.3016583 0.18524209 0.049247287 -0.07311604 -0.3044114 0.27691743 -0.21197186 -0.31900927
minecraft:large_fern 0.52838725 0.48268738 -0.23096918 0.06116682 -0.027714277 -0.16421679 0.4987847 -0.091013394 -0.06093754 0.4802662 -0.51701605 0.21068478 0.04929973 0.10445076 -0.008944229 0.3089199 0.37681025 0.60535383 -0.55150706 -0.014277783 -0.17465822 0.4260079 0.276931 0.39749157 0.13645156 -0.08008793 0.45707297 -0.20747042 -0.080236875 -0.04979126 -0.027107967 -0.16838652
minecraft:tall_grass 0.49038354 0.5223847 -0.002963093 -0.078741945 -0.11531528 0.12078307 0.64625055 -0.3332039 -0.15631597 0.543252 -0.46351933 0.16971199 0.22096768 -0.024467397 -0.16365255 0.11256225 0.41199005 0.46439016 -0.6463101 -0.31608284 -0.40535206 0.4162609 0.39540997 0.30611253 0.052190803 -0.025546405 0.42099276 -0.25286573 -0.1491762 -0.07317909 -0.22466297 -0.17830315
minecraft:farmland 0.92299855 -0.15812726 -0.27435312 0.3515315 -0.46791664 0.20201266 0.21662849 0.09995848 0.07369155 0.20639175 -0.24176921 0.15667067 0.20783414 -0.34352753 -0.058912512 0.41127014 0.14330925 -0.3493238 0.33745223 -0.30257002 -0.23175123 0.24297206 0.5962838 0.20488526 -0.48763448 0.14477919 -0.8523268 -0.29929033 -0.24917312 0.7506257 -0.4155918 -0.17562991
minecraft:wheat 0.89030844 -0.026450312 -0.13905203 0.2811027 -0.48353246 0.24166344 0.51807564 -0.19113034 -0.14703302 -0.004471328 -0.2133692 0.06998179 0.4555444 -0.10370725 -0.21484992 0.4161811 0.28981146 0.08518192 0.17395775 -0.34306782 -0.2868573 0.4374403 0.52289426 0.31954744 -0.40096715 -0.11824269 -0.3237388 0.2513513 -0.30303147 0.72565067 -0.24807094 -0.13245605
minecraft:fern 0.34721404 0.40327588 -0.26310098 0.13655081 -0.25061196 -0.07025623 0.59076196 -0.43681327 -0.13933605 0.37754807 -0.6479379 0.26617712 -0.28721026 0.10017813 -0.14576297 0.36136013 0.41687533 0.405402 -0.61455745 -0.16056207 -0.23471892 0.6045412 0.2007403 0.23109429 -0.3895736 0.0016596537 -0.33856243 0.2371802 -0.28847557 0.2840159 -0.024240205 -0.21707956
minecraft:stone_bricks -0.009904198 0.3971509 -0.30402163 0.22603178 -0.011742701 -0.23223 -0.49403983 -0.14299291 -0.24927203 0.4975207 0.35177737 0.25246602 -0.57588553 0.32364637 -0.39764357 0.28184924 0.013025012 0.27855262 -0.4448181 -0.4579559 -0.56415796 -0.18148446 0.34496838 0.39024037 -0.23186906 0.3143128 0.36797523 -0.64425594 -0.25516024 0.1252231 -0.38648474 -0.34871167
minecraft:mossy_cobblestone -0.6140301 0.15499923 0.13355279 0.3424561 -0.10002145 -0.2780867 0.049020108 -0.19893986 0.11555311 0.197167 0.1443089 0.20229037 0.06817172 0.27850154 -0.0741614 0.11524579 -0.028287178 0.2779114 -0.23418137 -0.35779086 -0.3962854 -0.45749313 0.11858867 0.53345937 -0.443882 0.6159713 0.7539667 -0.260104 -0.09113318 -0.030268133 -0.31857777 -0.3900951
minecraft:cracked_stone_bricks 0.080960676 0.39423436 -0.3744596 0.20392768 -0.044084176 -0.2809068 -0.5030225 0.0059357146 -0.33593768 0.5327445 0.3533725 0.3679827 -0.56326586 0.3388102 -0.32538283 0.31491607 0.04268374 0.30606952 -0.34964505 -0.46808782 -0.48083436 -0.25257224 0.25792652 0.51824707 -0.17634526 0.25497425 0.41831306 -0.6189986 -0.2035427 0.15282634 -0.3280024 -0.27033442
minecraft:cobblestone -0.35417902 0.25638577 -0.11895314 0.26211703 -0.13442253 -0.33223805 0.025041949 -0.09063375 0.0058239116 0.41292912 0.1196947 0.083658844 0.080843166 0.24753855 -0.23145804 0.06436468 0.021885363 0.28670228 -0.14239709 -0.22464475 -0.37544057 -0.3948073 0.14582087 0.42439702 -0.3056082 0.7233338 0.72871673 -0.26825902 -0.122926556 0.0055874526 -0.32605416 -0.45070082
minecraft:stone_brick_stairs 0.22029921 0.6178605 -0.24300721 0.319321 -0.21574862 -0.53163517 -0.47247085 -0.57104814 -0.37399235 0.49329033 0.29928616 0.24707969 -0.08348853 0.5887558 -0.40493405 0.13448118 0.37640536 0.59443647 -0.4787119 -0.38617384 -0.15965351 0.22393705 0.13055111 0.17994308 -0.24574599 0.35382786 0.49940792 -0.25637114 -0.15472008 0.060450334 -0.19214502 -0.3450669
minecraft:stone_brick_slab -0.13925268 0.4694985 -0.28270665 0.16133599 0.027952347 -0.5810492 -0.61839944 -0.35095477 -0.42482418 0.25792012 0.5093684 0.19228163 0.038093485 0.5294255 -0.5758758 0.3532409 0.24270621 0.7228098 -0.6173956 -0.29007408 -0.52674353 0.18261638 0.2056569 0.38940322 -0.27427864 0.20079502 0.69374067 -0.20331332 -0.28598282 0.2340136 -0.26241443 -0.57367504
minecraft:mossy_stone_bricks -0.08056907 0.4211099 -0.423893 0.20759782 0.08133228 -0.33082676 -0.487813 -0.0017337027 -0.26332852 0.5132888 0.34424052 0.27231357 -0.54347396 0.39352375 -0.41807434 0.25653806 0.0008950895 0.38270748 -0.38717994 -0.34499162 -0.53768575 -0.20046398 0.21223015 0.4217558 -0.1337806 0.420123 0.42410272 -0.67867357 -0.24058302 0.16105968 -0.3529344 -0.44779375
minecraft:stone -0.49766043 -0.5187641 -0.6323748 0.5828958 -0.62817085 0.44522193 0.2628991 -0.31533763 0.24806632 -0.22549435 -0.6474082 0.47439167 0.59716815 -0.47423863 0.36343595 0.0732556 -0.4213055 0.21343693 0.5085008 -0.40452385 -0.46591887 -0.27069467 0.16925451 0.017998783 -0.37413096 0.63811505 0.64999044 -0.6222085 -0.66950715 0.08663342 -0.36797315 -0.04037643
minecraft:andesite -0.4747695 -0.51216877 -0.54868734 0.7269594 -0.67600477 0.4160442 0.1091421 -0.40201893 0.24076957 -0.27764225 -0.661709 0.37101385 0.5405549 -0.42074147 0.27801895 0.032603525 -0.25454766 0.32499292 0.410532 -0.2972839 -0.4154293 -0.11447948 0.014050303 -0.10989254 -0.48327738 0.7029715 0.64780796 -0.65950334 -0.69462126 0.019054025 -0.2678407 -0.07213613
minecraft:cobblestone_slab -0.47040635 -0.42321452 -0.46420217 0.62276125 -0.50039595 0.006243043 0.3363309 -0.41031232 -0.22185859 -0.37769917 -0.4975986 0.35167244 0.87180763 -0.2009721 0.05260411 0.15867847 -0.09507577 0.31373364 0.4255465 -0.16844612 -0.54609346 0.11460435 0.17905879 -0.11523687 -0.49553823 0.5983016 0.76047975 -0.442635 -0.6512211 0.29615158 -0.31511867 -0.07704051
minecraft:vine -0.16753975 -0.30991492 -0.21910891 0.29689044 -0.64217854 0.39303657 0.8244341 -0.54064953 -0.061538666 -0.0695022 -0.8262126 0.26814452 0.8575729 -0.31448275 0.46583712 0.18034655 0.24433157 0.114204444 0.22146265 -0.4555952 -0.21423778 0.2592127 0.2861275 0.036173686 -0.3890091 0.374317 0.48975155 0.15537141 -0.47106454 0.3879998 -0.088438846 0.0096531985
minecraft:coal_ore 0.027030401 -0.024173947 -0.0039614355 -0.027106702 0.01876414 -0.0013538763 -0.012210132 -0.00033234173 0.018432518 0.0027873146 0.013474457 0.025540061 -0.029080855 0.017020911 0.012316811 -0.012459114 -0.021792725 0.024964115 -0.0045967437 0.009787964 -0.012208291 0.0020513309 0.012956325 -0.0077092648 0.025791492 0.023370111 -0.0056574633 0.008496427 0.016950663 -0.012968557 0.025695818 0.029081069
minecraft:granite -0.5479446 -0.61137605 -0.042967685 0.2064457 -0.20060922 0.52635765 0.4663055 0.7842794 0.54991746 -0.568677 0.20127219 0.51951057 0.026076814 -0.60019433 0.68876487 -0.42772248 -0.66431916 -0.7037459 0.56794333 -0.30324262 0.04757433 -0.6544378 0.08453383 0.3529567 0.34242523 0.32915324 -0.6109288 -0.14204212 -0.24834901 0.19413798 -0.47746515 -0.7553585
minecraft:chest -0.0022939972 0.49392205 -0.21057595 0.15525441 0.09205542 -0.42128786 -0.3923023 -0.3348563 -0.1299054 0.6819375 0.18828747 0.08908497 -0.034300186 0.27980947 -0.35793912 0.12758553 0.24963066 0.7649713 -0.45415688 -0.12463594 -0.47919515 0.008553833 0.21630439 0.18235546 -0.20645864 0.4480458 0.44807142 -0.3775277 -0.10128393 -0.0805094 -0.22588596 -0.56605
minecraft:diorite -0.002610514 -0.008710668 -0.007697628 -0.015427314 -0.00474365 -0.008414207 0.018133426 0.02847349 0.010198753 -0.0037673519 0.02730365 -0.010428438 -0.012970867 0.015161485 -0.02486995 0.016079862 0.02615388 0.0019550524 0.006250644 0.024198981 0.011380554 -0.014471073 -0.02634509 0.012228582 -0.012980911 -0.0031065422 0.028047564 0.0038484172 -0.023386458 -0.0006239409 0.028352516 0.021722216
