27 32
minecraft:brown_concrete_powder 0.016734399 -0.026579874 -0.024060398 -0.016548583 0.023241105 0.015412442 -0.027546085 0.008965655 -0.016082713 -0.020578707 -0.0019141495 -0.007513662 0.02419569 6.5021522e-06 0.000344529 0.014851965 -0.005400849 0.0024454815 -0.008998247 -0.0105676465 0.025981689 0.026126735 0.02800633 0.026265593 -0.025459923 -0.0058443714 -0.019032398 -0.0012411124 0.006219104 -0.020880988 -0.008204952 -0.024637444
minecraft:grass_block -0.0099672545 0.0037609097 0.023746695 0.022466347 0.01911875 -0.017851144 -0.020043816 -0.01501991 0.02078699 0.011387739 -0.010905395 0.027220154 0.027040942 -0.0043022567 0.006280105 0.024150085 -0.00048382283 -0.0120165795 0.0053728726 0.023975018 0.025388297 -0.004188426 -0.011776903 0.017514817 -0.012800385 -0.02056653 0.001847386 -0.0023725065 -0.019196043 0.005877047 -0.0019051713 -0.022001473
minecraft:coarse_dirt -0.021144934 0.021264706 0.00694939 0.02064367 -0.02019752 -0.02005162 0.00038989563 0.0277427 0.020937104 -0.007225004 -0.016284278 0.010183487 0.026195742 -0.00980178 0.012345685 -0.0061211004 -0.00996219 0.01015019 0.028200356 0.01271848 0.004664155 0.021602936 0.00022058279 -0.012210049 -0.028028706 0.0029327045 0.014320471 -0.002360719 0.015520569 -0.010199321 -0.015406597 0.0005002662
minecraft:dirt 0.019925844 0.020088749 -0.018524548 -0.010480639 -0.009784439 -0.016213076 0.026109375 0.026651375 -0.019229569 0.01635465 -0.013036159 -0.026818397 -0.004234999 0.012850714 -0.0023311595 0.023271538 0.028155493 -0.02867929 -0.019646604 0.009570161 0.013674449 -0.015713917 0.002637513 -0.023398988 -0.007149063 -0.0116605535 -0.014209082 0.018095342 0.019412925 -0.0067606866 0.007165212 0.013963152
minecraft:seagrass 0.37533423 0.20810777 0.5711471 0.1406985 0.21789193 -0.30667707 0.26638547 0.25608328 0.37081748 -0.31316054 -0.4854563 0.08094504 -0.3703277 -0.4281393 -0.9949765 -0.957682 -0.4630332 -0.062143028 0.26906788 -0.37089393 -0.7645298 0.06686274 -0.5251704 0.73347455 -0.092077665 -0.5532304 0.33030307 0.6283973 -0.603157 -0.43688023 0.0509163 -0.98325706
minecraft:tall_seagrass 0.36624098 0.24196546 0.54891896 0.21929556 0.19671303 -0.1462491 0.5040038 0.25446618 0.14322598 -0.20821849 -0.41125458 0.3838914 -0.34958148 -0.29033938 -0.903027 -1.0139704 -0.4472078 -0.26713285 -0.05937854 -0.13649835 -0.8042 -0.06049582 -0.4513385 0.6447355 -0.21485087 0.0569714 0.3912943 0.53626674 -0.6731138 -0.3032571 -0.28547412 -0.8542886
minecraft:water 0.2859068 0.25445876 0.12031321 0.47395378 0.36053762 -0.32307184 0.36293694 0.46394002 0.42213497 -0.4168229 -0.13493812 0.27517158 -0.40665722 -0.33498466 -0.15151636 -0.09495684 -0.17118426 -0.6298665 -0.29184604 -0.33797786 -0.2684192 -0.38167933 -0.1984423 -0.032999612 -0.36601755 0.34364772 0.16244255 0.4768643 -0.25753 -0.17813233 -0.23641045 -0.16151693
minecraft:dark_oak_wood 0.2324915 0.14946762 0.26289877 -0.46209717 0.33761182 -0.18948266 0.29325333 0.38657078 0.38226673 -0.19413896 0.193171 0.096270755 -0.78181326 -0.10041425 -0.47114265 -0.50022584 -0.09611509 -0.37978673 -0.08612211 -0.3180708 0.0673849 -0.39719564 -0.114172705 0.5575324 -0.30309036 0.35587746 0.16518967 0.40950024 -0.08816514 -0.109353445 -0.0589825 -0.079658754
minecraft:kelp_plant 0.25165537 0.29469356 0.3235338 0.36678204 0.054060034 -0.25253153 0.25709242 0.31579962 0.08633634 -0.20782672 -0.9631381 0.43320164 -0.70192975 -0.35162136 -0.7019148 -0.80896616 -0.3445856 -0.12481111 -0.29795074 -0.27776736 -0.003934756 -0.16801156 -0.7581927 0.6909537 -0.23702072 0.33746132 0.51696813 0.43400556 -0.1337787 -0.33808059 -0.44009426 -0.6336907
minecraft:lily_pad 0.06274166 0.17847587 -0.124386154 0.36554682 0.43208778 -0.22102727 0.6107511 0.61083865 0.6050749 -0.2856418 0.001411098 0.17821506 -0.23139381 -0.35665685 -0.10220044 -0.052752133 -0.12550667 -1.3562297 -0.46821764 0.09725442 -0.3823203 -0.59370655 0.09971308 -0.1790082 -0.490689 0.14084041 0.09371815 0.2566928 -0.19795422 0.15315144 0.03051871 -0.075405315
minecraft:green_terracotta 0.23477133 0.5183134 0.7003598 0.11776121 0.12362602 -0.14783873 0.24138872 0.33560356 0.34652784 -0.26270628 -0.31500688 0.227237 -0.106965125 -0.3002195 -0.68309695 -0.105498195 -0.3449486 0.05871294 -0.47487858 -0.16057214 0.10398035 -0.18745787 0.21597981 0.11335186 -0.23295702 0.48494047 0.21153028 -0.14541963 -0.48411584 -0.2764692 -0.1779843 -0.5751228
minecraft:dark_oak_leaves 0.08393262 0.19586052 -0.37097588 -0.24096774 0.11790541 -0.29467374 0.32425818 0.4149569 0.2772894 -0.23754212 0.20588616 0.22222209 0.097575895 -0.41043442 -0.4360694 -0.36887133 -0.31579322 -0.2046892 -0.35382283 -0.06039195 0.26803273 -0.09704234 0.35473853 -0.43417946 -0.36336067 0.28637886 -0.37900132 -0.19037698 0.36194634 -0.095641404 0.42074957 -0.2900261
minecraft:birch_leaves 0.5175834 0.18384187 0.40139726 -0.28323925 0.3775862 -0.39150697 0.20829341 0.12678193 0.00798251 -0.5584641 0.3041562 0.31550956 0.16851112 -0.049812287 -0.044158697 0.08405037 -0.27815607 -0.3882211 -0.09606023 -0.34510273 -0.109409936 -0.11860678 -0.14222117 -0.016983312 0.016924722 0.4341478 0.055714518 0.08407161 -0.45489237 -0.30378184 -0.44042528 -0.3112336
minecraft:kelp 0.25641724 0.2907139 0.47474867 -0.026318576 0.61712277 -0.7221358 -0.009708249 0.24513724 0.121998325 -0.22084092 -0.6778717 0.42352578 -0.10893945 -0.57107294 -0.029707137 -0.2761211 -0.6312089 -1.0973803 -0.8449209 -0.68049586 0.7669039 -0.70946467 -0.38972682 -0.025788462 -0.37662435 1.3473973 0.34000358 -0.1029175 0.030387392 -0.5441195 -0.65616584 -0.28878057
minecraft:air 0.4002477 0.47778127 -0.38671282 -0.33784977 0.41850686 -0.40999496 0.38071123 0.3393977 0.45065287 -0.35424283 0.31062552 0.5173104 0.3248762 -0.39987287 0.39400026 0.3502932 -0.42011973 -0.29184198 -0.38412717 -0.41749433 0.41911185 -0.4260784 0.32971027 -0.42196417 -0.38967532 0.3796918 -0.35299942 -0.32322615 0.40652296 -0.58781093 0.37323073 0.4135199
minecraft:acacia_wood 0.5793634 -0.08552924 -0.3756787 -0.8310464 -0.07408117 -0.004805431 0.33693856 0.46627945 0.13127574 -0.4547722 0.4153392 0.57727593 0.40751752 -0.019269986 0.21952157 -0.43364233 -0.31622517 -0.32144704 0.08422086 -0.53927743 0.5130161 -0.20346639 0.40962714 -0.02415334 -0.11993676 0.5774525 -0.3955347 -0.33633223 0.7141397 -0.19556946 0.30462158 0.5982465
minecraft:oak_fence 0.6648702 0.43411162 -0.062326595 -0.3116777 0.46530563 -0.29520112 0.4532445 0.24412023 -0.14299098 -0.30497125 0.39924365 0.3431556 0.7864781 -0.007964222 -0.17685845 -0.2840405 -0.16086423 0.37494528 -0.27992973 -0.9693448 0.5376743 -0.46174955 0.37077758 -0.082341984 0.00094869954 0.26958472 -0.4192265 -0.6645937 0.7440556 -0.46181175 0.2218692 -0.17441587
minecraft:jungle_sapling 0.4279303 0.86017686 -0.12435123 -0.42456034 0.13335544 -0.42714056 0.138732 0.38727298 0.42060384 -0.6614649 0.81400436 0.20810698 0.40374485 0.29240423 -0.24608304 1.0229661 -0.1993348 -0.27544758 -0.40876725 0.084636375 1.8281351 -0.4660448 0.9967132 -0.73945373 -0.17971623 0.52790576 0.30396464 -1.3993758 -0.11790187 0.30081624 -0.27602157 -0.42084408
minecraft:vine 0.39195698 0.28198105 -0.094392605 -0.7653679 0.34159875 -0.19003157 0.45597127 0.2857947 0.09392646 -0.25935572 0.55118734 0.3612129 0.23330903 -0.36808258 0.1086567 -0.3060874 -0.2357167 -0.29698572 -0.18914014 -0.77954304 0.6682677 -0.33151576 0.24210916 -0.20422336 -0.18049248 0.5637136 -0.56883585 -0.11515279 0.536672 -0.39705262 0.40978956 0.5017865
minecraft:oak_button 0.5423328 0.2681773 0.096099354 -0.59886575 0.46422398 -0.34341186 0.28634498 0.46455744 0.54172236 -0.58316076 0.6681942 0.539292 -0.22385372 -0.016929261 0.041800942 -0.21174066 -0.14634137 -0.2548063 -0.18459013 -0.8091943 1.0296817 -0.69418705 0.17572129 0.28994504 -0.3044889 0.90748173 0.27826858 0.32851854 0.10706992 -0.36977735 -0.45283166 0.64987934
minecraft:lime_terracotta 0.092839316 0.6329938 0.7023231 0.3969114 0.38613883 -0.30645686 0.44969442 0.74351066 0.1999428 -0.010666568 -0.14579242 0.017850034 0.02416995 -0.29507437 -0.64840156 0.04562997 -0.07993643 0.028191634 -0.57720345 -0.7348752 0.268993 -0.49032515 0.2683185 0.09106731 0.028938165 0.097186714 0.17126955 -0.11930586 -0.04994421 -0.08922636 -0.21874727 -0.8211441
minecraft:clay -0.017987426 0.020683765 -0.0078848135 0.015584609 0.026019376 0.016658345 0.022366587 -0.028613511 0.020898255 0.025846923 0.011758848 0.020351134 0.0006720794 -0.0049058218 0.006327388 -0.021520972 0.00044016115 -0.028031081 -0.010398289 0.027975041 -0.020156125 0.013189099 -0.028722052 -0.025483644 -0.013559032 -0.023067696 0.010183575 0.016355615 -0.018040953 -0.014913923 0.012661068 -0.01715445
minecraft:sea_pickle 0.24704467 -0.20431095 0.25011665 0.0026879562 0.5927518 -0.53663576 0.4276091 0.067219235 0.3394806 -0.353381 -0.38672796 0.058697704 -0.4985286 -0.33581647 -0.61252964 -0.75682133 -0.4630774 -0.049633924 0.19188409 -0.1484731 -0.8560479 -0.00022697383 -0.7834521 0.3289899 -0.2251065 -0.6352044 0.25455073 1.0647936 -0.16688791 -0.43421775 -0.22365226 -0.7302347
minecraft:stone_button 0.535411 0.2971475 -0.7880956 -0.94227624 0.28267455 -0.34501937 -0.104843125 0.20828229 0.2783964 -0.35121202 0.8367028 0.41799507 0.14667168 0.14059232 0.2034007 0.03466621 -0.3652387 -0.005432421 0.049259387 -0.11072785 0.882506 -0.2541262 0.87856513 -1.1306509 -0.114604674 0.27513215 -0.35098836 -0.97512263 0.9064036 0.23489025 1.3971124 -0.04132856
minecraft:stone 0.5006484 0.5496596 -0.8035404 0.61023647 0.71861607 -0.5586513 -0.16746455 -0.25829116 0.94663453 -0.48415667 0.6437994 0.43135655 0.08152559 -0.5536303 -0.1664929 -0.20396057 0.084052324 0.48032388 -0.010783668 0.33130747 -0.65827465 -0.15590814 -0.3265806 -0.5388084 -0.80016583 -0.44758633 0.5492495 0.7519139 -0.5708023 -0.598079 -0.1968181 -0.72302663
minecraft:andesite 0.6880677 0.8807777 -0.7847432 0.32245252 0.5146351 -0.71270585 -0.17837766 -0.26160744 0.5326666 -0.59819424 0.81334114 1.0743722 0.79015124 -0.705317 0.24979998 -0.045765005 -0.046653368 0.6019293 -0.11782137 -0.023397876 -0.43177664 -0.1646374 -0.5474356 -0.8284142 -0.4435842 -0.038836062 0.5621703 0.5566823 -0.5375933 -0.9539362 -0.660038 -0.9378262
minecraft:iron_bars 0.28866702 -0.27936473 -1.5348842 -0.9197041 -0.34844652 0.11519518 0.16167583 0.68983406 0.579109 -0.43051818 0.12527438 0.7950525 0.86985356 -0.09792625 0.39870915 -0.09126707 -0.44553134 -0.19932434 -0.12617968 -0.035642672 0.78859705 0.037698444 0.8530627 -0.28439873 -0.52128184 0.6238813 -0.74720025 -0.41868997 0.9283717 -0.12537001 0.93758655 0.693983
