20 32
minecraft:stone -0.25197706 -0.23134398 0.26309842 0.3345185 0.35522225 -0.30985087 -0.31015375 0.25847235 -0.28040007 -0.25694624 -0.31011552 -0.2868722 0.23542829 0.25179762 -0.2784439 -0.27783832 0.34284943 -0.31068996 0.285095 0.28656268 0.3751807 -0.35173988 -0.2824431 0.31101033 0.28156447 0.109050065 -0.24249479 0.32084247 0.3364234 -0.24815388 -0.23869418 0.3481096
minecraft:diorite 0.27901414 0.45062345 0.38229963 0.36804193 -0.22267754 -0.32017896 -0.023738462 -0.19844267 -0.5750102 -0.40105477 -0.31396613 -0.36777514 0.49406728 0.4822136 0.099395156 -0.52191865 0.29529086 0.16722722 0.46344736 0.3322639 0.39486846 -0.43905458 -0.4455183 -0.40230623 0.1928293 0.28643656 -0.46210486 -0.40238032 0.3842194 -0.41994599 -0.546757 -0.261978
minecraft:cave_air -0.38041413 0.3742072 0.34058785 -0.3781863 -0.25023234 -0.3293311 -0.31437156 0.35482082 -0.34764534 -0.30412227 -0.35922542 -0.2820657 0.27586943 0.20470418 -0.28125015 -0.2839505 0.06858939 -0.41317856 0.26457256 -0.23088038 0.29994708 -0.14168543 -0.35186052 0.40830258 0.23667876 -0.27231696 -0.28992397 -0.115948 -0.26418966 -0.2739048 -0.27324152 0.2796369
minecraft:granite -0.00089211826 0.48884764 0.49232414 -0.20869409 0.41515872 -0.29022068 -0.2583287 0.41135743 -0.37736654 -0.32280472 -0.42408326 0.20420396 0.32345226 0.38776672 -0.40685007 -0.335237 0.49338812 -0.5007369 -0.1821123 -0.1320738 -0.31302392 -0.49157572 -0.23663963 -0.12511104 0.32075667 -0.23225787 -0.2747835 0.5098912 0.45053196 -0.46526906 -0.39359257 -0.2074176
minecraft:andesite -0.4341935 0.3141979 -0.23752074 0.53487444 0.30910212 -0.35454988 -0.3819816 0.15445536 -0.43575507 -0.4069119 -0.17065902 -0.41388193 0.34029916 0.39731643 -0.36648306 -0.3560781 -0.25238207 -0.41924068 -0.06268247 0.19952694 0.56079626 0.05430037 -0.4545108 -0.10343175 0.34145775 -0.21674636 -0.50166845 -0.20179963 0.3808534 0.32587436 -0.31012538 -0.2462128
minecraft:gravel -0.6037421 0.60231733 0.6346982 0.36966437 0.5628028 -0.53030694 0.029782534 0.5597525 -0.58547705 -0.71462196 -0.43795955 -0.5796082 -0.20610201 -0.014930336 -0.058746323 0.28857055 0.40139294 -0.83066076 -0.50006753 0.24749565 0.55133885 -0.3202763 -0.5454492 0.4787247 -0.1698915 0.29730853 -0.64956015 0.45004237 0.4158529 0.25421882 0.28446496 -0.28757516
minecraft:cobweb -0.17816252 0.47304508 0.39749002 0.11736364 -0.21712211 -0.4379793 -0.42819142 0.39264748 -0.2042911 -0.27475408 -0.31868073 -0.27838513 0.37441745 0.22393773 -0.23830636 -0.31094328 0.1800338 -0.21658754 0.41654986 -0.08857262 0.41750577 -0.14994638 -0.27479935 0.2972523 0.16998598 -0.18763007 -0.36855152 0.007776661 0.04638595 -0.39626667 -0.45427635 0.19666597
minecraft:dirt -0.41612107 -0.1224014 -0.3688325 0.46471936 -0.026149591 0.23935914 -0.5068942 -0.34916478 -0.6253501 -0.48024288 0.028388137 -0.16123639 -0.08712398 0.66660655 -0.5548608 -0.5169248 -0.3532124 -0.4613496 0.44418216 0.5803968 -0.34417745 -0.12824394 -0.13880405 0.43491852 0.7056294 -0.415925 -0.47867942 0.46230584 -0.34618792 -0.019734263 -0.23441474 0.42193246
minecraft:water -0.29895204 -0.6093591 0.1594704 -0.085536204 -0.0678475 -0.16324982 -0.4184303 0.13854975 -0.39503518 -0.3388632 -0.17008404 -0.12433043 0.25177553 0.40982178 -0.6695197 -0.44064584 -0.28673843 -0.36902192 0.55977064 0.6872081 0.41816223 -0.09653554 -0.29658914 0.53501034 0.52001166 -0.66242874 -0.2861202 -0.35578403 -0.564411 -0.043365035 -0.17160586 0.44780636
minecraft:oak_fence -0.27143255 0.1214686 0.26871324 -0.2151582 0.03331475 -0.33625513 -0.15277667 0.17055266 -0.36019215 -0.29995888 -0.381011 -0.377603 0.21732458 0.24687824 -0.091352545 -0.3122276 0.10271177 -0.29565862 0.30127653 -0.44569474 0.31801748 -0.32249445 -0.43307075 0.361397 0.28798628 -0.15355965 -0.22688815 -0.28517565 -0.29313263 -0.24002348 -0.16954027 0.48177
minecraft:iron_ore -0.04196665 -0.5452099 0.17563039 0.26293015 0.18402827 -0.17855169 -0.87660676 0.6044875 -0.5490375 -0.011728727 0.016935468 0.04768382 0.62799186 0.28658387 -0.49624622 -0.5476991 -0.21372546 -0.42510077 0.20540778 0.45779455 -0.10525536 -0.41443878 -0.4153715 0.256241 0.26755044 0.54437834 -0.3673996 0.38092178 0.11928014 0.04676221 -0.5373696 -0.36360028
minecraft:oak_planks -0.24757618 0.25639358 0.23110348 -0.062375963 -0.3163001 -0.27544355 -0.36326715 0.3519257 -0.22034605 -0.20833811 -0.4037788 -0.36502004 0.31939235 0.19312944 -0.44011334 -0.2356116 0.1396238 -0.34459427 0.29220688 -0.49717027 0.39755082 -0.27935362 -0.36794937 0.285931 0.2891459 -0.5914014 -0.25781697 -0.09757993 -0.18933237 -0.3642599 -0.32052645 0.36870494
minecraft:rail -0.06733215 0.646904 0.3581081 -0.45222777 0.19956498 -0.50817806 -0.2958665 0.3144423 -0.4983784 -0.30496722 -0.2035396 -0.51512945 0.39173883 -0.09682724 -0.12789997 -0.56920797 0.33083722 0.031717252 0.55455625 -0.72651225 0.6191209 -0.44640854 -0.5212259 0.116121925 0.566663 -5.4996394e-06 -0.32850587 -0.6860771 -0.124869525 -0.34904033 -0.2278412 0.4918858
minecraft:coal_ore -0.07351071 0.3996908 0.32205945 -0.15469417 0.56869733 -0.2770769 -0.4473881 0.6271355 0.031049851 -0.06662161 -0.03106374 0.03773946 0.3493434 0.41291624 -0.052937735 -0.33246765 0.57693815 0.41963512 0.56728464 0.46082222 0.108791366 -0.37760743 -0.21174109 0.23226875 0.59014624 -0.53243965 0.33451116 0.5282582 0.4347153 -0.6278451 -0.40617454 0.6592292
minecraft:air -0.39373153 -0.45242938 0.33627358 0.17334291 -0.5040936 -0.7413046 -0.40508237 0.5464242 0.021964716 -0.22348477 -0.46439755 -0.51893157 0.15747252 -0.75357085 -0.63087636 -0.30299106 0.84384954 -0.39674523 0.5614708 -1.1026436 0.79339117 -0.57116073 -0.59471077 0.5509408 0.51524734 -0.17183411 -0.3626852 0.12014205 -0.6379157 -0.42920285 -0.1709047 0.68552893
minecraft:gold_ore -0.51724 -0.52162534 -0.033151593 -0.55191416 0.3991373 -0.1440045 0.3548827 0.83251727 0.1665632 -0.29366732 -0.17528358 -0.21173625 0.52615637 0.24629103 -0.36117092 -0.35228097 0.5846856 0.1356575 0.3125344 0.6452923 -0.40514502 0.014767511 -0.21021096 -0.23524484 0.68550783 0.30768415 0.03889926 0.5150377 0.009096944 -0.48326117 -0.46599978 0.8411709
minecraft:wall_torch -0.10440073 0.041282866 0.31651455 -0.04994965 -0.34279984 -0.6408446 -0.26681724 0.51008314 0.2272111 0.02738283 -0.5252362 -0.41290507 0.049274214 -0.40110153 -0.715155 -0.17622669 0.11523139 -0.28788444 0.56348425 -0.49896777 0.94256973 -0.11957966 -0.32674754 0.51673 0.105181955 -0.29765305 -0.02140698 -0.124978535 -0.27018335 -0.4383121 -0.14069638 0.79136306
minecraft:poppy -0.9794261 0.38298127 -0.40843874 -0.18050182 -0.676746 -0.34367988 -0.20788047 0.52378154 -0.26884285 -0.8706196 -0.27042255 -0.046955418 -0.34508288 0.24835767 -0.35170946 -0.6403681 -0.33986872 -0.5741254 0.60446966 0.5221744 -1.0642414 0.80719984 0.5559243 0.41478613 0.43359786 0.12556383 -0.6539483 0.8219685 -0.62927604 -0.62839967 -0.58275986 0.8224416
minecraft:lapis_ore -0.23228098 -1.2701511 0.07763001 0.9692313 0.5242781 -0.47086814 0.17961879 -0.33973384 -0.28989866 -0.2363907 -0.41389057 -0.6338844 0.05380737 0.46768102 -0.03163435 -0.11605834 0.54429424 0.33949858 0.52265716 -0.1606588 0.048187573 0.36816317 -0.33117145 -0.20237686 0.4312855 1.2387528 -0.20126384 0.29107535 0.99420893 -0.017422887 -0.37762225 0.36809734
minecraft:lava 0.2405176 -0.2860698 0.8832664 -0.002299941 -0.72154635 -0.75413 0.38014835 -0.1771634 0.022060752 -0.79995686 -0.52776587 -0.28313944 0.6444606 0.3996869 0.4014709 0.05036225 -0.06969425 0.3715754 0.8394648 -0.35998157 0.5918867 -0.24381638 -0.40867904 0.44100612 -0.08049779 1.2501394 -0.73582375 -0.5399817 -0.04914802 -0.80453736 -0.3094285 0.52272767
