12 32
minecraft:stone 0.18549393 -0.31785953 -0.439552 -0.41534936 0.11170737 0.085836746 0.1785922 -0.3974074 0.4666104 0.40793023 -0.45821553 0.4505655 0.1664036 -0.62361056 0.5342808 -0.40777722 0.3772393 -0.079144895 0.42911202 -0.04857848 0.11915204 0.17079164 0.9487398 0.33283207 0.09583868 -0.22268271 -0.045960855 -0.032240875 0.57622975 0.522873 -0.40237933 0.17967321
minecraft:sand -0.3294429 -0.3856789 -0.24069643 -0.3655158 -0.28538087 0.0326439 0.062779516 -0.32204643 0.36636102 0.2080726 -0.43558294 0.35417244 -0.29012427 -0.31494302 0.34602478 -0.4342609 0.38603485 0.2908899 0.21729317 0.27393177 -0.36714745 -0.35386357 0.22301003 0.40640625 0.27748907 0.36107183 0.31378263 -0.26591313 0.12913734 0.33188838 -0.30504733 0.2999289
minecraft:coal_ore 0.31731692 0.09353428 -0.17663972 -0.19121808 0.2755496 0.09237239 0.034236982 -0.29096293 0.13205639 0.18988283 -0.14057522 0.29727238 0.104503356 -0.7567043 0.4994278 -0.3423295 0.058216274 0.07602924 -0.324603 -0.056558456 0.11142846 0.0872169 0.83019614 -0.27650326 -0.1003718 -0.11231183 -0.17967395 -0.017966846 0.7300356 0.47038013 0.23389497 -0.0038239944
minecraft:air -0.37425634 -0.40517142 0.33026314 -0.3781819 -0.37061575 0.33589664 0.34855217 -0.43686685 -0.29160422 -0.19870238 -0.39836174 0.3910845 -0.46946007 0.27824315 -0.2559195 -0.37699774 -0.40494657 0.4730393 -0.31940472 0.50380987 -0.45540264 -0.36914104 -0.2760309 0.45266983 0.34459612 0.37645295 0.37151435 -0.37940854 -0.3763229 -0.26404753 -0.38027698 0.49352062
minecraft:andesite 0.26926026 -0.14214398 -0.48617452 0.117197216 -0.90359384 -0.0059911404 -0.76149267 -0.24041958 0.84925777 0.07439999 0.10998839 0.30253568 0.43542108 -0.435382 0.3860371 -0.06607725 0.9362249 -0.0390763 1.0039353 -0.014604459 0.38872212 -0.09855716 0.35744736 0.7101094 0.41126838 0.11247737 -0.01983123 0.77092683 -0.10223788 0.16197689 -0.6031463 0.19816011
minecraft:granite 0.3279433 0.1909613 0.0045568994 -0.6285856 0.27146167 -0.39559954 -0.38343063 -0.67130864 -0.096486144 0.55920225 -0.4710868 0.6093204 0.33619475 -0.76568645 0.69333196 -0.6185438 -0.29540655 0.3097358 -0.40925813 0.5318687 0.3115898 0.21735892 0.64049876 -0.26558962 -0.19977699 -0.3293976 -0.19984633 -0.60835856 0.8185134 0.6556978 0.17579035 0.14923464
minecraft:sandstone 0.0112246135 0.010829501 -0.023536932 -0.013273109 -0.008921349 0.016587375 0.028578224 0.027752569 -0.010430833 0.0013534629 -0.025052942 -0.009527379 0.009430983 0.018223712 0.010064177 0.0014563112 -0.01499609 0.007874193 -0.006005463 -0.028963104 0.009284493 -0.019799115 0.01795646 0.014718541 -0.001431483 0.029680997 0.0049450947 -0.01681623 -0.0088123325 0.025375705 0.0230135 0.007320731
minecraft:cactus -0.2675118 -0.14593618 -0.19669971 -0.11946267 -0.3479897 0.07196455 0.1238618 -0.12552711 -0.1060087 -0.033457756 -0.15782292 0.15910585 -0.5416609 -0.08017357 -0.2822333 -0.010043906 -0.46864352 0.4182869 -0.19343679 0.4738378 -0.5090129 -0.27914134 -0.22812775 0.2289931 0.3003364 0.27425814 0.3288813 -0.32102302 -0.26824883 -0.29599172 -0.24451675 0.43953705
minecraft:diorite 0.32093048 -0.514878 0.10340259 -0.37181807 -0.21186782 0.42882824 -0.7443815 -0.30651802 0.678457 -0.17190897 0.25826302 0.4253413 0.16862708 -0.70632493 0.61325145 0.2907401 0.5844498 0.13578612 0.6124892 -0.2336384 0.21742365 -0.36674672 0.77034587 0.44830543 -0.2986261 0.46827665 0.35045207 0.26766193 -0.27605394 0.7060385 -0.33079708 0.42165813
minecraft:dirt 0.0026467843 -0.012614588 -0.0077446415 0.022503369 0.022873735 0.006569767 0.0061874166 -0.019158892 0.0281536 0.016161839 0.020629108 0.0007239858 0.016371597 0.016351739 0.020679135 -0.0148366075 -0.014037058 -0.004237208 0.025371308 -0.012440018 -0.029034719 0.008614812 -0.006752629 0.0017135178 -0.021238633 -0.017386537 -0.011342703 0.02203517 0.029773632 -0.021407569 0.021360235 -0.00030305845
minecraft:dead_bush -0.30300742 -0.29111353 -0.51966035 -0.23679718 -0.33552226 0.12606046 0.09542241 -0.25119156 0.2498187 0.47801346 -0.23240618 0.27114472 -0.43331915 -0.2492621 -0.3335146 -0.23725489 -0.7374288 0.38721597 -0.23809937 0.40884367 -0.41899133 -0.30977216 -0.17495203 0.33453634 0.29754645 0.34790307 0.32483268 -0.35801467 -0.25160345 -0.59678125 -0.2669712 0.38385838
minecraft:water 0.022309195 -0.004331072 0.027316026 0.027104057 0.019336076 -0.0021095385 0.0096379975 0.014386856 0.026952298 -0.029004833 -0.011260132 -0.0048401705 -0.023053458 0.014496862 -0.0068344777 -0.017186018 0.014512621 -0.010613826 -0.028261166 -0.030240115 -0.029298337 -0.02424057 -0.027702553 0.006329524 0.026150001 -0.029985506 -0.0212382 -0.0053257328 0.026394486 0.02232408 0.015161034 0.012581542
